AKT1	240651.218592494	1.60745499045654e-07	588
AKT2	240651.218592494	1.60745499045654e-07	588
AKT3	240651.218592494	1.60745499045654e-07	588
ANGPT1	0	1.60787808811075e-07	87
ANGPT2	0	1.60787808811075e-07	87
ANGPT4	0	1.60787808811075e-07	87
ARAF	1595.97481338769	1.60683534902794e-07	191
AREG	0	1.60787808811075e-07	50
BDNF	0	1.60787808811075e-07	72
BRAF	2136.84425513945	1.60683534902794e-07	230
CASP3	183841.675504549	1.60668406277058e-07	108
CDC42	73310.5701045771	1.60713723216254e-07	158
CSF1	0	1.60787808811075e-07	90
CSF1R	2317.78622434382	1.60692778707564e-07	214
DAXX	21853.0015434057	1.60655990540575e-07	12
DUSP1	4466.79727134319	1.60697116949095e-07	12
DUSP10	0	1.60792824395101e-07	9
DUSP16	0	1.60792824395101e-07	9
DUSP2	0	1.60792824395101e-07	9
DUSP3	0	1.60792824395101e-07	9
DUSP4	0	1.60792824395101e-07	9
DUSP5	0	1.60792824395101e-07	9
DUSP6	0	1.60778476521037e-07	2
DUSP7	0	1.60792824395101e-07	9
DUSP8	0	1.60792824395101e-07	9
DUSP9	0	1.60792824395101e-07	11
EFNA1	0	1.61463557352179e-07	97
EFNA2	0	1.61463557352179e-07	97
EFNA3	0	1.61463557352179e-07	97
EFNA4	0	1.61463557352179e-07	97
EFNA5	0	1.61463557352179e-07	97
EGF	0	1.60883753765484e-07	153
EGFR	232127.853598913	1.60719224960467e-07	654
EPHA2	6642.10044824324	1.60683431626067e-07	210
ERBB2	6968.32365105465	1.60714988842362e-07	255
ERBB3	2206.05670990937	1.60705277609528e-07	137
ERBB4	4924.85071359614	1.60696084013198e-07	127
EREG	0	1.60787808811075e-07	51
FAS	136714.780894538	1.60647963923608e-07	48
FASLG	139764.780894538	1.60595720188295e-07	31
FGF1	0	1.60883753765484e-07	107
FGF10	0	1.60883753765484e-07	107
FGF16	0	1.60883753765484e-07	107
FGF17	0	1.60883753765484e-07	107
FGF18	0	1.60883753765484e-07	107
FGF19	0	1.60883753765484e-07	107
FGF2	318.185520837683	1.60883753765484e-07	115
FGF20	0	1.60883753765484e-07	107
FGF21	0	1.60883753765484e-07	108
FGF22	0	1.60883753765484e-07	107
FGF23	0	1.60883753765484e-07	108
FGF3	0	1.60883753765484e-07	107
FGF4	0	1.60883753765484e-07	107
FGF5	0	1.60883753765484e-07	107
FGF6	0	1.60883753765484e-07	107
FGF7	0	1.60883753765484e-07	107
FGF8	0	1.60883753765484e-07	107
FGF9	0	1.60883753765484e-07	107
FGFR1	6465.76493428654	1.607094357331e-07	340
FGFR2	2031.62862037406	1.6070930659559e-07	306
FGFR3	12343.7547369813	1.6070930659559e-07	291
FGFR4	692.31958332627	1.60697736717006e-07	257
FLT1	412.472551276759	1.6069530931999e-07	226
FLT3	6528.24461666822	1.60696445539251e-07	177
FLT3LG	0	1.60787808811075e-07	70
FLT4	400.579439948387	1.6069530931999e-07	225
GADD45A	4750.67049915781	1.60597164496464e-07	13
GADD45B	4750.67049915781	1.60597164496464e-07	13
GADD45G	4750.67049915781	1.60597164496464e-07	13
GNA12	5541.44070250871	1.60679455573014e-07	84
GNG12	21918.6236659794	1.60745059781891e-07	262
HGF	0	1.60787808811075e-07	111
HRAS	113993.82934381	1.60728085368472e-07	527
HSPA1A	0	1.60751287215932e-07	3
HSPA1B	0	1.60751287215932e-07	3
HSPA1L	0	1.60751287215932e-07	3
HSPA2	0	1.60751287215932e-07	3
HSPA6	0	1.60751287215932e-07	3
HSPA8	0	1.60751287215932e-07	3
IGF1	2037	1.60979813292393e-07	133
IGF1R	42600.6390804316	1.60731211284874e-07	417
IGF2	2168.34480364702	1.60787808811075e-07	73
IL1A	7765.38118911506	1.60669929337365e-07	12
IL1B	50873.5767030936	1.6064804134695e-07	35
IL1R1	40652.2211418188	1.60700293310175e-07	39
IL1RAP	21211.1117861229	1.6068841487949e-07	21
INS	0	1.60992797504225e-07	146
INSR	11410.0071870572	1.6069758177458e-07	313
IRAK1	3542.03027093091	1.6067359512632e-07	58
IRAK4	16474.5515622869	1.60688105030887e-07	65
KDR	11377.3428728319	1.60712767552607e-07	263
KIT	2878.527543165	1.60702204352137e-07	258
KITLG	0	1.60787808811075e-07	94
KRAS	125209.183774663	1.60728085368472e-07	552
MAP2K1	13767.9332363926	1.60697065301984e-07	333
MAP2K2	9664.17246446593	1.60697039478442e-07	290
MAP2K3	17075.0292483151	1.60697065301984e-07	106
MAP2K4	1560.2130800564	1.60683844733772e-07	77
MAP2K6	19329.7917766511	1.60697065301984e-07	115
MAP2K7	5582.21428058759	1.60685729564632e-07	88
MAP3K1	26612.1831055064	1.60689473537899e-07	38
MAP3K4	7363.51313651703	1.60644763824084e-07	7
MAP3K5	34979.7895036635	1.60684232024175e-07	59
MAP3K7	49963.2906211622	1.60706620582436e-07	167
MAP4K2	0	7.26723588502942e-08	1
MAPK1	241842.648840716	1.60735138228201e-07	569
MAPK10	87125.0778580644	1.6070796357779e-07	274
MAPK11	94702.4173586808	1.60727542866438e-07	238
MAPK12	94702.4173586808	1.60727542866438e-07	238
MAPK13	94702.4173586808	1.60727542866438e-07	238
MAPK14	94702.4173586808	1.60727542866438e-07	238
MAPK3	241842.648840716	1.60735138228201e-07	569
MAPK8	89632.7666615069	1.6070796357779e-07	279
MAPK9	87125.0778580644	1.6070796357779e-07	274
MECOM	0	1.61232304956071e-07	11
MET	9808.91517302836	1.60711682758995e-07	300
MRAS	10790.5919453868	1.60722531354153e-07	114
MYD88	11857.585709554	1.60667244640301e-07	100
NF1	0	1.60776641211973e-07	15
NFATC1	0	7.26723588502942e-08	89
NFATC3	0	7.26723588502942e-08	80
NGF	0	1.60787808811075e-07	92
NGFR	10009.0762321726	1.60704141265368e-07	218
NRAS	112875.721894987	1.60728085368472e-07	514
NTF3	0	1.60883753765484e-07	73
NTF4	0	1.60787808811075e-07	71
NTRK1	6853.31184116428	1.60699673522543e-07	190
NTRK2	2867.8866020655	1.60682424684934e-07	168
PAK1	33812.8427582464	1.60683483264413e-07	75
PAK2	9137.59799726244	1.60676460753891e-07	47
PDGFA	1021.57263885276	1.60883753765484e-07	141
PDGFB	88.6765670365868	1.60883753765484e-07	136
PDGFC	0	1.60883753765484e-07	131
PDGFD	0	1.60883753765484e-07	131
PDGFRA	30872.0844291799	1.60710778775506e-07	445
PDGFRB	24934.6340223889	1.60710778775506e-07	442
PGF	0	1.60787808811075e-07	96
PPM1A	0	1.60742217544981e-07	4
PPM1B	0	1.60749891815323e-07	1
PPP5C	0	1.60727491199768e-07	1
PTPN5	0	1.60792824395101e-07	9
PTPN7	0	1.60792824395101e-07	9
PTPRR	0	1.60792824395101e-07	9
RAC1	221190.815964895	1.6072759453314e-07	325
RAC2	64610.1006625156	1.60717158533495e-07	231
RAC3	57800.1866869532	1.60716874403941e-07	216
RAF1	33120.5200545249	1.6070755034606e-07	434
RAP1A	62638.9292153794	1.60739220385848e-07	105
RAP1B	56249.6641089287	1.60739220385848e-07	103
RAPGEF2	6620.24255920948	1.6070210105141e-07	12
RASA1	15704.4663046695	1.60680927206077e-07	33
RASA2	122.375277180948	1.60680927206077e-07	14
RASGRF1	476.452097165068	1.60684619316444e-07	40
RASGRF2	79.8523664273159	1.60680901387721e-07	39
RASGRP1	170.558776323398	1.60702333478233e-07	32
RASGRP2	0	1.60798072995893e-07	28
RASGRP3	155.214158365018	1.60701971925687e-07	22
RASGRP4	0	1.60776641211973e-07	15
RRAS	47954.0533420759	1.60728214536163e-07	132
RRAS2	11355.8093641229	1.60722583017634e-07	122
SOS1	4248.78172433928	1.60682269772034e-07	199
SOS2	4248.78172433928	1.60682269772034e-07	199
STK3	27544.2507162103	1.60568876260325e-07	30
STK4	510.092460327573	1.60491617924025e-07	7
TAB1	11715.9289732444	1.60700009240251e-07	89
TAB2	12214.8223868217	1.60700009240251e-07	94
TAOK1	0	1.6074043473858e-07	2
TAOK2	0	1.6074043473858e-07	2
TAOK3	0	1.6074043473858e-07	2
TEK	179.606938345294	1.6068245050378e-07	202
TGFA	0	1.60883753765484e-07	88
TGFB1	6658.78114503471	1.6063725441375e-07	53
TGFB2	9287.38146257185	1.6063725441375e-07	51
TGFB3	5340.07418713577	1.6063725441375e-07	46
TGFBR1	1213.34053829076	1.60615272135274e-07	64
TGFBR2	41746.6079425929	1.60686142684153e-07	68
TNF	43602.1127654818	1.60663088699681e-07	45
TNFRSF1A	19815.7878156964	1.60697710893248e-07	81
TRADD	79306.0583720209	1.60693940713578e-07	66
TRAF2	82742.1372716499	1.60708376811645e-07	112
TRAF6	71603.9055547154	1.60713594071854e-07	154
VEGFA	84817.8681703407	1.60692055690082e-07	107
VEGFB	0	1.60787808811075e-07	96
VEGFC	0	1.60787808811075e-07	96
VEGFD	0	1.60787808811075e-07	96
