ABI1	41.0854252533112	1.60556836799113e-07	11
ACTB	78188.3190853497	1.60660662349286e-07	94
ACTG1	78188.3190853497	1.60660662349286e-07	94
AKT1	240651.218592494	1.60745499045654e-07	588
AKT2	240651.218592494	1.60745499045654e-07	588
AKT3	240651.218592494	1.60745499045654e-07	588
ARF1	3367.95379525647	1.60582877304726e-07	25
ARF6	19718.8256694444	1.60676099317753e-07	29
ARHGEF26	0	1.60953721620237e-07	2
ARPC1A	1704.04604510742	1.60608384560716e-07	38
ARPC1B	1704.04604510742	1.60608384560716e-07	38
ARPC2	1704.04604510742	1.60608384560716e-07	38
ARPC3	1704.04604510742	1.60608384560716e-07	38
ARPC4	1704.04604510742	1.60608384560716e-07	38
ARPC5	1704.04604510742	1.60608384560716e-07	38
ARPC5L	1704.04604510742	1.60608384560716e-07	38
BAK1	2863.04673354674	1.60600517454867e-07	35
BAX	44760.3401882632	1.60623089087187e-07	80
BCL2	59552.2374573238	1.60623501884676e-07	114
BIRC2	20936.4808810693	1.60687201312622e-07	43
BIRC3	20936.4808810693	1.60687201312622e-07	43
BRK1	84.1708505066225	1.60556836799113e-07	23
CASP1	30224.5502451485	1.60612589264462e-07	52
CASP3	183841.675504549	1.60668406277058e-07	108
CASP4	0	1.60698692201903e-07	5
CASP5	0	1.60593656935976e-07	2
CASP7	9862.84961927339	1.60619038624381e-07	31
CASP8	79615.7164621525	1.60687020570188e-07	96
CD14	0	1.61067581702336e-07	11
CDC42	73310.5701045771	1.60713723216254e-07	158
CHUK	27743.0444124678	1.60686297604521e-07	209
CSE1L	0	1.60987510266978e-07	3
CTNNB1	76290.6829469396	1.60690428924534e-07	149
CYCS	17598.7393834207	1.60619425602447e-07	60
CYFIP1	844.272852363141	1.60557558600298e-07	19
CYFIP2	844.272852363141	1.60557558600298e-07	19
CYTH1	0	1.60720490673229e-07	3
CYTH2	0	1.60720490673229e-07	3
CYTH3	0	1.60720490673229e-07	3
CYTH4	0	1.60720490673229e-07	3
DNM2	0	7.26723588502942e-08	11
DYNC1H1	0	7.26723588502942e-08	3
DYNC1I1	0	7.26723588502942e-08	3
DYNC1I2	0	7.26723588502942e-08	3
DYNC1LI1	0	7.26723588502942e-08	3
DYNC1LI2	0	7.26723588502942e-08	3
DYNC2H1	0	7.26723588502942e-08	3
DYNC2LI1	0	7.26723588502942e-08	3
DYNLL1	0	7.26723588502942e-08	3
DYNLL2	0	7.26723588502942e-08	3
DYNLRB1	0	7.26723588502942e-08	3
DYNLRB2	0	7.26723588502942e-08	3
DYNLT1	0	7.26723588502942e-08	3
DYNLT3	0	7.26723588502942e-08	3
EXOC2	4542.82892277038	1.6060861671653e-07	4
EXOC4	0	7.26723588502942e-08	1
EXOC5	0	7.26723588502942e-08	1
FADD	8647.9119671395	1.60642647699268e-07	75
FBXO22	0	1.60699750995736e-07	1
FHOD1	0	7.26723588502942e-08	1
FLNA	0	1.60704012136367e-07	2
FLNB	0	1.60704012136367e-07	2
FLNC	0	1.60704012136367e-07	2
FOS	361.991812419754	7.27115564548521e-08	149
GAPDH	2035	1.6075469829719e-07	7
GSDMD	2057.27860583675	1.60550469762647e-07	7
HRAS	113993.82934381	1.60728085368472e-07	527
HSP90AA1	9312.50079645793	1.60710856259407e-07	18
HSP90AB1	9312.50079645793	1.60710856259407e-07	18
HSP90B1	1166.68676241574	1.60697246067015e-07	10
IKBKB	21716.4057475083	1.60674395426435e-07	230
IKBKG	23791.1675587458	1.60674163080419e-07	181
IL18	6313.2227762348	1.60604205870823e-07	19
IL1B	50873.5767030936	1.6064804134695e-07	35
IRAK1	3542.03027093091	1.6067359512632e-07	58
IRAK4	16474.5515622869	1.60688105030887e-07	65
JUN	172462.270229684	1.60685213168217e-07	236
KLC1	0	7.26723588502942e-08	6
KLC2	0	7.26723588502942e-08	6
KLC3	0	7.26723588502942e-08	6
KLC4	0	7.26723588502942e-08	6
KPNA1	678.333333333333	1.60752217496464e-07	3
KPNA3	678.333333333333	1.60752217496464e-07	3
KPNA4	678.333333333333	1.60752217496464e-07	3
LEF1	0	7.26723588502942e-08	26
LY96	0.342644218582333	1.60710546324253e-07	3
M6PR	0	7.26723588502942e-08	2
MAP2K1	13767.9332363926	1.60697065301984e-07	333
MAP2K2	9664.17246446593	1.60697039478442e-07	290
MAP2K3	17075.0292483151	1.60697065301984e-07	106
MAP2K4	1560.2130800564	1.60683844733772e-07	77
MAP2K6	19329.7917766511	1.60697065301984e-07	115
MAP2K7	5582.21428058759	1.60685729564632e-07	88
MAP3K7	49963.2906211622	1.60706620582436e-07	167
MAPK1	241842.648840716	1.60735138228201e-07	569
MAPK10	87125.0778580644	1.6070796357779e-07	274
MAPK11	94702.4173586808	1.60727542866438e-07	238
MAPK12	94702.4173586808	1.60727542866438e-07	238
MAPK13	94702.4173586808	1.60727542866438e-07	238
MAPK14	94702.4173586808	1.60727542866438e-07	238
MAPK3	241842.648840716	1.60735138228201e-07	569
MAPK8	89632.7666615069	1.6070796357779e-07	279
MAPK9	87125.0778580644	1.6070796357779e-07	274
MLKL	2656.81737673361	1.60551062623263e-07	8
MYD88	11857.585709554	1.60667244640301e-07	100
MYH1	0	7.26723588502942e-08	2
MYH10	0	7.26723588502942e-08	2
MYH11	0	7.26723588502942e-08	2
MYH13	0	7.26723588502942e-08	2
MYH14	0	7.26723588502942e-08	2
MYH15	0	7.26723588502942e-08	2
MYH2	0	7.26723588502942e-08	2
MYH3	0	7.26723588502942e-08	2
MYH4	0	7.26723588502942e-08	2
MYH7B	0	7.26723588502942e-08	2
MYH8	0	7.26723588502942e-08	2
MYH9	0	7.26723588502942e-08	2
MYL12A	1897.09580502351	1.60608410355773e-07	38
MYL12B	1897.09580502351	1.60608410355773e-07	38
MYL6	0	7.26723588502942e-08	22
MYL6B	0	7.26723588502942e-08	22
MYL9	3783.32981959579	1.60608410355773e-07	59
MYO6	0	7.26723588502942e-08	2
NAIP	0	1.60768499148892e-07	6
NCKAP1	74.0590518851369	1.60557094584506e-07	16
NCKAP1L	74.0590518851369	1.60557094584506e-07	16
NFKB1	207597.881810385	1.60708919184306e-07	147
NFKBIA	18227.7866819878	1.6065650674918e-07	123
NLRC4	128.014307530727	1.60560368531003e-07	10
NLRP3	15336.798680298	1.60602864609055e-07	21
NOD1	12043.014169658	1.60654622603816e-07	10
PAK1	33812.8427582464	1.60683483264413e-07	75
PAK3	2492.09492228843	1.60681366119402e-07	46
PFN1	514.713448087646	1.60608410355773e-07	7
PFN2	514.713448087646	1.60608410355773e-07	7
PFN3	514.713448087646	1.60608410355773e-07	7
PFN4	514.713448087646	1.60608410355773e-07	7
PKN1	403.924864131128	1.60658623239141e-07	7
PLEKHM2	0	7.28097304088674e-08	6
PYCARD	5244.87087032891	1.60602967782242e-07	21
RAB7A	104743.40733324	1.60625669106303e-07	32
RAB7B	19.5	7.29279013618046e-08	15
RAB9A	0.5	7.26919523684528e-08	2
RAB9B	0.5	7.26919523684528e-08	2
RAC1	221190.815964895	1.6072759453314e-07	325
RAF1	33120.5200545249	1.6070755034606e-07	434
RALA	11813.3959553969	1.60685187348484e-07	30
RELA	203448.401395814	1.60708867529609e-07	140
RHOA	132737.375563727	1.6069675542002e-07	178
RHOB	0	1.60788946338779e-07	3
RHOG	2037	1.60910418273759e-07	5
RHOH	0	1.60788946338779e-07	3
RILP	0	7.29279013618046e-08	13
RIPK1	69059.4668925498	1.60687433696348e-07	76
RIPK2	35118.5530339932	1.60705458393035e-07	45
RIPK3	113423.757698568	1.60710003940609e-07	30
ROCK2	53253.7377682942	1.60694637925252e-07	112
RPS3	0	1.60656532559697e-07	6
RRAS	47954.0533420759	1.60728214536163e-07	132
SKP1	853.911691082139	1.60927819688746e-07	20
SNX18	0	1.60652970786703e-07	2
SNX33	0	1.60652970786703e-07	2
SNX9	0	1.60652970786703e-07	2
TAB1	11715.9289732444	1.60700009240251e-07	89
TAB2	12214.8223868217	1.60700009240251e-07	94
TAB3	5060.71804763673	1.6069864055378e-07	45
TCF7	0	7.26723588502942e-08	31
TCF7L1	0	7.26723588502942e-08	26
TCF7L2	0	7.26723588502942e-08	26
TIRAP	2774.37141628319	1.60664869790763e-07	28
TLR2	312.833206907378	1.60882977261765e-07	33
TLR4	14056.5129978398	1.60727749533448e-07	63
TLR5	0	1.60778166325013e-07	7
TLR6	3.460019801944	1.60710546324253e-07	5
TLR9	0	1.60738341929352e-07	12
TNF	43602.1127654818	1.60663088699681e-07	45
TNFRSF10A	1017.5	1.6073741180941e-07	14
TNFRSF10B	1017.5	1.6073741180941e-07	14
TNFRSF1A	19815.7878156964	1.60697710893248e-07	81
TNFSF10	0	1.61068826964726e-07	20
TRADD	79306.0583720209	1.60693940713578e-07	66
TRAF2	82742.1372716499	1.60708376811645e-07	112
TRAF6	71603.9055547154	1.60713594071854e-07	154
WASF3	818.87766364319	1.60609106825453e-07	35
WASL	14708.7262742322	1.60609622732814e-07	50
