ADCY1	178996.375489051	1.6073741180941e-07	284
ADCY2	113376.047647849	1.6073741180941e-07	264
ADCY3	130231.590131059	1.6073741180941e-07	286
ADCY4	113095.084080576	1.6073741180941e-07	263
ADCY5	214927.183790843	1.6073741180941e-07	342
ADCY6	112759.648357778	1.6073741180941e-07	267
ADCY7	113095.084080576	1.6073741180941e-07	263
ADCY8	116709.067963299	1.6073741180941e-07	277
ADCY9	113969.753246919	1.6073741180941e-07	271
ADRA1A	0	1.60776460268278e-07	22
ADRA1B	0	1.60772272827975e-07	15
ADRA1D	0	1.60772272827975e-07	15
ADRB1	3003.36245560344	1.60693217685638e-07	22
ADRB2	330.963270121821	1.60693217685638e-07	22
AGT	0	1.60979761463409e-07	46
AGTR1	86876.8866241067	1.60702462604537e-07	45
AGTR2	2.46202451135623	1.6074304436717e-07	3
AKT1	240651.218592494	1.60745499045654e-07	588
AKT2	240651.218592494	1.60745499045654e-07	588
AKT3	240651.218592494	1.60745499045654e-07	588
ATF2	0	7.26723588502942e-08	94
ATF4	20732.7697709667	1.60585559183005e-07	122
ATF6B	1847.35255838461	1.60521089983147e-07	89
ATP1A1	589.141840513702	7.27311711180447e-08	17
ATP1A2	589.141840513702	7.27311711180447e-08	17
ATP1A3	589.141840513702	7.27311711180447e-08	17
ATP1A4	589.141840513702	7.27311711180447e-08	17
ATP1B1	589.141840513702	7.27311711180447e-08	17
ATP1B2	589.141840513702	7.27311711180447e-08	17
ATP1B3	589.141840513702	7.27311711180447e-08	17
ATP1B4	589.141840513702	7.27311711180447e-08	17
ATP2B1	0	7.26723588502942e-08	8
ATP2B2	0	7.26723588502942e-08	8
ATP2B3	0	7.26723588502942e-08	8
ATP2B4	0	7.26723588502942e-08	8
BCL2	59552.2374573238	1.60623501884676e-07	114
CACNA1C	0	7.26723588502942e-08	94
CACNA1D	0	7.26723588502942e-08	94
CACNA1F	0	7.26723588502942e-08	77
CACNA1S	0	7.26723588502942e-08	77
CACNA2D1	0	7.26723588502942e-08	30
CACNA2D2	0	7.26723588502942e-08	30
CACNA2D3	0	7.26723588502942e-08	30
CACNA2D4	0	7.26723588502942e-08	30
CACNB1	0	7.26723588502942e-08	30
CACNB2	0	7.26723588502942e-08	30
CACNB3	0	7.26723588502942e-08	30
CACNB4	0	7.26723588502942e-08	30
CACNG1	0	7.26723588502942e-08	30
CACNG2	0	7.26723588502942e-08	30
CACNG3	0	7.26723588502942e-08	30
CACNG4	0	7.26723588502942e-08	30
CACNG5	0	7.26723588502942e-08	30
CACNG6	0	7.26723588502942e-08	30
CACNG7	0	7.26723588502942e-08	30
CACNG8	0	7.26723588502942e-08	30
CALM1	16123.3326667736	1.60724546254515e-07	233
CALM2	16123.3326667736	1.60724546254515e-07	233
CALM3	16123.3326667736	1.60724546254515e-07	233
CALML3	16123.3326667736	1.60724546254515e-07	233
CALML4	16123.3326667736	1.60724546254515e-07	233
CALML5	16123.3326667736	1.60724546254515e-07	233
CALML6	16123.3326667736	1.60724546254515e-07	233
CAMK2A	41689.2161584536	1.6074281182257e-07	234
CAMK2B	41689.2161584536	1.6074281182257e-07	234
CAMK2D	41689.2161584536	1.6074281182257e-07	234
CAMK2G	41689.2161584536	1.6074281182257e-07	234
CREB1	8043.87612205063	1.6062172171066e-07	130
CREB3	1671.39356720392	1.6062172171066e-07	117
CREB3L1	1671.39356720392	1.6062172171066e-07	117
CREB3L2	1671.39356720392	1.6062172171066e-07	117
CREB3L3	1671.39356720392	1.6062172171066e-07	117
CREB3L4	1671.39356720392	1.6062172171066e-07	117
CREB5	1670.4287453769	1.6062172171066e-07	114
CREM	0	1.60692752885399e-07	11
FXYD2	589.141840513702	7.27311711180447e-08	17
GNAI1	83522.7143553749	1.60745266493951e-07	484
GNAI2	83522.7143553749	1.60745266493951e-07	484
GNAI3	83522.7143553749	1.60745266493951e-07	484
GNAQ	118590.871875431	1.6069977682015e-07	386
GNAS	133373.422184395	1.60716977723663e-07	483
KCNE1	0	7.26723588502942e-08	3
KCNQ1	2541.22222222222	1.60735706617473e-07	9
MAPK1	241842.648840716	1.60735138228201e-07	569
MAPK11	94702.4173586808	1.60727542866438e-07	238
MAPK12	94702.4173586808	1.60727542866438e-07	238
MAPK13	94702.4173586808	1.60727542866438e-07	238
MAPK14	94702.4173586808	1.60727542866438e-07	238
MAPK3	241842.648840716	1.60735138228201e-07	569
PIK3CG	7510.31166567659	1.60717933437382e-07	117
PIK3R5	7510.31166567659	1.60717933437382e-07	117
PIK3R6	7510.31166567659	1.60717933437382e-07	117
PLCB1	33857.4095102204	1.60711114539615e-07	272
PLCB2	34641.1033142312	1.60711114539615e-07	275
PLCB3	33857.4095102204	1.60711114539615e-07	272
PLCB4	33857.4095102204	1.60711114539615e-07	272
PLN	7629	7.27311711180447e-08	23
PPP1CA	17957.4531808768	1.60705277609528e-07	140
PPP1CB	17957.4531808768	1.60705277609528e-07	140
PPP1CC	17957.4531808768	1.60705277609528e-07	140
PPP1R1A	4388.63344839913	1.60653048214872e-07	34
PPP2CA	37321.5273665535	1.60727956200989e-07	73
PPP2CB	37321.5273665535	1.60727956200989e-07	73
PPP2R1A	28636.3601838649	1.60726845369202e-07	66
PPP2R1B	28636.3601838649	1.60726845369202e-07	66
PPP2R2A	13399.7672815793	1.60712741724017e-07	53
PPP2R2B	13399.7672815793	1.60712741724017e-07	53
PPP2R2C	13399.7672815793	1.60712741724017e-07	53
PPP2R2D	13399.7672815793	1.60712741724017e-07	53
PPP2R3A	60.7410158799005	1.60698227369994e-07	37
PPP2R3B	60.7410158799005	1.60698227369994e-07	37
PPP2R3C	60.7410158799005	1.60698227369994e-07	37
PPP2R5A	61.9836462653881	1.60698304841792e-07	38
PPP2R5B	61.9836462653881	1.60698304841792e-07	38
PPP2R5C	61.9836462653881	1.60698304841792e-07	38
PPP2R5D	61.9836462653881	1.60698304841792e-07	38
PPP2R5E	61.9836462653881	1.60698304841792e-07	38
PRKACA	455256.981103448	1.6078791222202e-07	1027
PRKACB	455256.981103448	1.6078791222202e-07	1027
PRKACG	455256.981103448	1.6078791222202e-07	1027
PRKCA	125955.285611348	1.60750408627539e-07	185
RAPGEF3	8499.77508429657	1.60713025838958e-07	32
RAPGEF4	15226.4575428093	1.60713464927661e-07	34
RPS6KA5	45786.4612716968	1.60577049685751e-07	59
RYR2	0	7.26723588502942e-08	33
SCN1B	0	7.26723588502942e-08	7
SCN4B	0	7.26723588502942e-08	7
SCN5A	0	7.26723588502942e-08	7
SCN7A	0	7.26723588502942e-08	7
SLC8A1	0	7.26723588502942e-08	14
SLC8A2	0	7.26723588502942e-08	14
SLC8A3	0	7.26723588502942e-08	14
SLC9A1	3204.51579484793	1.60596854999669e-07	17
TNNI3	0	7.26723588502942e-08	22
