AKT1	240651.218592494	1.60745499045654e-07	588
AKT2	240651.218592494	1.60745499045654e-07	588
AKT3	240651.218592494	1.60745499045654e-07	588
APAF1	673.902825806595	1.60616587806599e-07	22
ARAF	1595.97481338769	1.60683534902794e-07	191
ATF2	0	7.26723588502942e-08	94
ATF4	20732.7697709667	1.60585559183005e-07	122
ATF6B	1847.35255838461	1.60521089983147e-07	89
BAD	1589.49544980729	1.60573156246834e-07	121
BAX	44760.3401882632	1.60623089087187e-07	80
BCL2	59552.2374573238	1.60623501884676e-07	114
BID	6345.26932502997	1.60575605739358e-07	63
BIRC5	1235.93319949484	1.60616639401992e-07	31
BRAF	2136.84425513945	1.60683534902794e-07	230
CASP10	158.03478204656	1.60649047857191e-07	15
CASP12	443.339483869445	1.60618393665082e-07	9
CASP3	183841.675504549	1.60668406277058e-07	108
CASP8	79615.7164621525	1.60687020570188e-07	96
CASP9	13142.9315521299	1.60616742592878e-07	112
CCNA1	2427.29692072148	7.28293927776548e-08	17
CCNA2	2427.29692072148	7.28293927776548e-08	17
CCNE1	6455.35439130854	1.60399175804875e-07	54
CCNE2	6455.35439130854	1.60399175804875e-07	54
CDK2	118707.249214339	1.60500942702287e-07	81
CDKN1A	48752.8590735063	1.6065010599694e-07	113
CHUK	27743.0444124678	1.60686297604521e-07	209
CREB1	8043.87612205063	1.6062172171066e-07	130
CREB3	1671.39356720392	1.6062172171066e-07	117
CREB3L1	1671.39356720392	1.6062172171066e-07	117
CREB3L2	1671.39356720392	1.6062172171066e-07	117
CREB3L3	1671.39356720392	1.6062172171066e-07	117
CREB3L4	1671.39356720392	1.6062172171066e-07	117
CREB5	1670.4287453769	1.6062172171066e-07	114
DDX58	8507.40968896825	1.60668096505613e-07	15
FADD	8647.9119671395	1.60642647699268e-07	75
FAS	136714.780894538	1.60647963923608e-07	48
FASLG	139764.780894538	1.60595720188295e-07	31
GRB2	17240.2624605512	1.60700861453038e-07	246
HRAS	113993.82934381	1.60728085368472e-07	527
IFIH1	2274.04682878101	1.60732890546366e-07	8
IFNA1	8140.3118490674	1.60680178477115e-07	113
IFNA10	8140.3118490674	1.60680178477115e-07	113
IFNA13	8140.3118490674	1.60680178477115e-07	113
IFNA14	8140.3118490674	1.60680178477115e-07	113
IFNA16	8140.3118490674	1.60680178477115e-07	113
IFNA17	8140.3118490674	1.60680178477115e-07	113
IFNA2	8140.3118490674	1.60680178477115e-07	113
IFNA21	8140.3118490674	1.60680178477115e-07	113
IFNA4	8140.3118490674	1.60680178477115e-07	113
IFNA5	8140.3118490674	1.60680178477115e-07	113
IFNA6	8140.3118490674	1.60680178477115e-07	113
IFNA7	8140.3118490674	1.60680178477115e-07	113
IFNA8	8140.3118490674	1.60680178477115e-07	113
IFNAR1	1448.71529072893	1.6065635188625e-07	300
IKBKB	21716.4057475083	1.60674395426435e-07	230
IKBKE	3407.34154162794	1.60624533887681e-07	33
IKBKG	23791.1675587458	1.60674163080419e-07	181
IRAK1	3542.03027093091	1.6067359512632e-07	58
IRAK4	16474.5515622869	1.60688105030887e-07	65
IRF3	3825.7340774873	1.6063482884359e-07	49
IRF7	4549.62494048194	1.60634906254272e-07	43
JAK1	23786.4277951055	1.60692520486288e-07	179
JAK2	63786.8959822077	1.60701248825475e-07	215
JAK3	14526.5624986184	1.6069241719801e-07	149
JUN	172462.270229684	1.60685213168217e-07	236
KRAS	125209.183774663	1.60728085368472e-07	552
MAP2K1	13767.9332363926	1.60697065301984e-07	333
MAP2K2	9664.17246446593	1.60697039478442e-07	290
MAP2K3	17075.0292483151	1.60697065301984e-07	106
MAP2K4	1560.2130800564	1.60683844733772e-07	77
MAP2K6	19329.7917766511	1.60697065301984e-07	115
MAP2K7	5582.21428058759	1.60685729564632e-07	88
MAP3K1	26612.1831055064	1.60689473537899e-07	38
MAP3K7	49963.2906211622	1.60706620582436e-07	167
MAPK1	241842.648840716	1.60735138228201e-07	569
MAPK10	87125.0778580644	1.6070796357779e-07	274
MAPK11	94702.4173586808	1.60727542866438e-07	238
MAPK12	94702.4173586808	1.60727542866438e-07	238
MAPK13	94702.4173586808	1.60727542866438e-07	238
MAPK14	94702.4173586808	1.60727542866438e-07	238
MAPK3	241842.648840716	1.60735138228201e-07	569
MAPK8	89632.7666615069	1.6070796357779e-07	279
MAPK9	87125.0778580644	1.6070796357779e-07	274
MAVS	8038.07628265269	1.60689628464689e-07	41
MYD88	11857.585709554	1.60667244640301e-07	100
NFKB1	207597.881810385	1.60708919184306e-07	147
NFKBIA	18227.7866819878	1.6065650674918e-07	123
NRAS	112875.721894987	1.60728085368472e-07	514
PIK3CA	142449.837178725	1.60734776528029e-07	502
PIK3CB	142449.837178725	1.60734776528029e-07	502
PIK3CD	142449.837178725	1.60734776528029e-07	502
PIK3R1	141170.295711891	1.60734776528029e-07	496
PIK3R2	141170.295711891	1.60734776528029e-07	496
PIK3R3	141170.295711891	1.60734776528029e-07	496
PRKCA	125955.285611348	1.60750408627539e-07	185
PRKCB	138117.337984123	1.60749064922689e-07	186
PRKCG	88981.653144375	1.60744258777681e-07	148
PTK2B	2172.96090783039	1.60697710893248e-07	31
RAF1	33120.5200545249	1.6070755034606e-07	434
RB1	1848.08644504591	7.27704322090665e-08	120
RELA	203448.401395814	1.60708867529609e-07	140
SMAD3	29761.5661763632	1.60651783564134e-07	61
SMAD4	10902.4627460914	1.60599717890536e-07	21
SOS1	4248.78172433928	1.60682269772034e-07	199
SOS2	4248.78172433928	1.60682269772034e-07	199
SRC	362422.911463252	1.60720335686922e-07	206
STAT1	45306.3614268983	1.6066776092123e-07	95
STAT2	0	7.26723588502942e-08	54
STAT3	94977.7907735456	1.60641873521191e-07	83
STAT4	0	7.26723588502942e-08	27
STAT5A	0	7.26723588502942e-08	52
STAT5B	0	7.26723588502942e-08	54
STAT6	0	7.26723588502942e-08	28
TAB1	11715.9289732444	1.60700009240251e-07	89
TBK1	20391.6898516798	1.60660920468185e-07	49
TGFB1	6658.78114503471	1.6063725441375e-07	53
TGFB2	9287.38146257185	1.6063725441375e-07	51
TGFB3	5340.07418713577	1.6063725441375e-07	46
TGFBR1	1213.34053829076	1.60615272135274e-07	64
TGFBR2	41746.6079425929	1.60686142684153e-07	68
TICAM1	3896.69887801827	1.60692623774699e-07	51
TICAM2	70.3217749122883	1.60666212088397e-07	17
TIRAP	2774.37141628319	1.60664869790763e-07	28
TLR2	312.833206907378	1.60882977261765e-07	33
TLR3	0	1.60735887469448e-07	8
TLR4	14056.5129978398	1.60727749533448e-07	63
TRAF3	12073.4692659271	1.60695954897145e-07	44
TRAF6	71603.9055547154	1.60713594071854e-07	154
TYK2	1683.77826391229	1.60692597952583e-07	68
