ARAF	1595.97481338769	1.60683534902794e-07	191
BID	6345.26932502997	1.60575605739358e-07	63
BRAF	2136.84425513945	1.60683534902794e-07	230
CASP3	183841.675504549	1.60668406277058e-07	108
CD244	7140.93860058238	1.60661359272217e-07	5
CD247	30880.6879462508	1.60690377281723e-07	27
CD48	0	1.60704606131491e-07	1
FAS	136714.780894538	1.60647963923608e-07	48
FASLG	139764.780894538	1.60595720188295e-07	31
FCER1G	282.335888098614	1.60689189506225e-07	17
FCGR3A	1065.21384381821	1.60708996666413e-07	14
FCGR3B	1065.21384381821	1.60708996666413e-07	14
FYN	54373.9525584192	1.60716022021309e-07	59
GRB2	17240.2624605512	1.60700861453038e-07	246
GZMB	0	1.60840074140841e-07	24
HCST	0	1.60788739514363e-07	9
HLA-A	0	1.62739809314511e-07	22
HLA-B	0	1.62739809314511e-07	23
HLA-C	0	1.62739809314511e-07	31
HLA-E	0	1.62739809314511e-07	25
HLA-G	0	1.62739809314511e-07	22
HRAS	113993.82934381	1.60728085368472e-07	527
ICAM1	729.185482665617	1.60688931296483e-07	14
ICAM2	7.1747352139509	1.60659526635984e-07	6
IFNA1	8140.3118490674	1.60680178477115e-07	113
IFNA10	8140.3118490674	1.60680178477115e-07	113
IFNA13	8140.3118490674	1.60680178477115e-07	113
IFNA14	8140.3118490674	1.60680178477115e-07	113
IFNA16	8140.3118490674	1.60680178477115e-07	113
IFNA17	8140.3118490674	1.60680178477115e-07	113
IFNA2	8140.3118490674	1.60680178477115e-07	113
IFNA21	8140.3118490674	1.60680178477115e-07	113
IFNA4	8140.3118490674	1.60680178477115e-07	113
IFNA5	8140.3118490674	1.60680178477115e-07	113
IFNA6	8140.3118490674	1.60680178477115e-07	113
IFNA7	8140.3118490674	1.60680178477115e-07	113
IFNA8	8140.3118490674	1.60680178477115e-07	113
IFNAR1	1448.71529072893	1.6065635188625e-07	300
IFNAR2	1203.73332693078	1.6065635188625e-07	285
IFNB1	7096.7255319092	1.60680178477115e-07	96
IFNG	2029.10533312653	1.60777054799091e-07	102
IFNGR1	11302.3893899549	1.60705690829571e-07	148
IFNGR2	11263.6686647737	1.60705690829571e-07	149
ITGAL	6046.75709839172	1.60694353875321e-07	31
ITGB2	27938.6884328604	1.60711966870192e-07	39
KIR2DL1	1293.8253968254	1.60755370193897e-07	9
KIR2DL2	1293.8253968254	1.60755370193897e-07	9
KIR2DL3	1293.8253968254	1.60755370193897e-07	9
KIR2DL4	1293.8253968254	1.60755370193897e-07	9
KIR2DL5A	1293.8253968254	1.60755370193897e-07	9
KIR2DS1	0	7.26723588502942e-08	7
KIR2DS2	0	7.26723588502942e-08	7
KIR2DS3	0	7.26723588502942e-08	7
KIR2DS4	0	7.26723588502942e-08	7
KIR2DS5	0	7.26723588502942e-08	7
KIR3DL1	1333.46825396826	1.60755370193897e-07	9
KIR3DL2	1740.46825396826	1.60755370193897e-07	11
KLRC1	1333.46825396826	1.60755370193897e-07	9
KLRC2	0	7.26723588502942e-08	7
KLRC3	0	7.26723588502942e-08	7
KLRC4-KLRK1	0	7.26723588502942e-08	8
KLRD1	1333.46825396826	1.60755370193897e-07	9
KLRK1	0	7.26723588502942e-08	8
KRAS	125209.183774663	1.60728085368472e-07	552
LAT	10137.7976110127	1.60709771491597e-07	42
LCK	170.255604499792	1.60685703744732e-07	15
LCP2	6444.66580619025	1.60713904018764e-07	31
LOC102723407	39920.2798610557	1.60692029868149e-07	48
MAP2K1	13767.9332363926	1.60697065301984e-07	333
MAP2K2	9664.17246446593	1.60697039478442e-07	290
MAPK1	241842.648840716	1.60735138228201e-07	569
MAPK3	241842.648840716	1.60735138228201e-07	569
MICA	0	7.27115564548521e-08	2
MICB	0	7.27115564548521e-08	2
NFATC1	0	7.26723588502942e-08	89
NFATC2	0	7.26723588502942e-08	87
NRAS	112875.721894987	1.60728085368472e-07	514
PAK1	33812.8427582464	1.60683483264413e-07	75
PIK3CA	142449.837178725	1.60734776528029e-07	502
PIK3CB	142449.837178725	1.60734776528029e-07	502
PIK3CD	142449.837178725	1.60734776528029e-07	502
PIK3R1	141170.295711891	1.60734776528029e-07	496
PIK3R2	141170.295711891	1.60734776528029e-07	496
PIK3R3	141170.295711891	1.60734776528029e-07	496
PLCG1	107169.506367984	1.60717804286215e-07	116
PLCG2	134720.100907316	1.60718320892128e-07	126
PPP3CA	15045.6642481781	1.60711553617874e-07	149
PPP3CB	15045.6642481781	1.60711553617874e-07	149
PPP3CC	15045.6642481781	1.60711553617874e-07	149
PPP3R1	14322.5379035231	1.60683354168608e-07	139
PPP3R2	14322.5379035231	1.60683354168608e-07	139
PTK2B	2172.96090783039	1.60697710893248e-07	31
PTPN11	36320.3106144337	1.60707886096679e-07	50
PTPN6	25126.3746122045	1.60711269508138e-07	47
RAC1	221190.815964895	1.6072759453314e-07	325
RAC2	64610.1006625156	1.60717158533495e-07	231
RAC3	57800.1866869532	1.60716874403941e-07	216
RAET1E	0	7.27115564548521e-08	2
RAET1G	0	7.27115564548521e-08	2
RAET1L	0	7.27115564548521e-08	2
RAF1	33120.5200545249	1.6070755034606e-07	434
SH2D1A	357.553762886585	1.6066355332833e-07	2
SH2D1B	0	7.26723588502942e-08	1
SHC1	1641.04592719686	1.60673156255448e-07	107
SHC2	1581.08899277577	1.60673156255448e-07	105
SHC3	1580.87060756176	1.60673156255448e-07	104
SHC4	1776.87794640338	1.60673156255448e-07	106
SOS1	4248.78172433928	1.60682269772034e-07	199
SOS2	4248.78172433928	1.60682269772034e-07	199
SYK	27194.5798052231	1.60706775542293e-07	89
TNFRSF10A	1017.5	1.6073741180941e-07	14
TNFRSF10B	1017.5	1.6073741180941e-07	14
TNFSF10	0	1.61068826964726e-07	20
TYROBP	62.3650857285678	1.60658649050339e-07	5
ULBP1	0	7.27115564548521e-08	2
ULBP2	0	7.27115564548521e-08	2
ULBP3	0	7.27115564548521e-08	2
VAV1	9139.00097284916	1.6068903458028e-07	66
VAV2	9139.00097284916	1.6068903458028e-07	66
VAV3	9139.00097284916	1.6068903458028e-07	66
ZAP70	3377.62655311964	1.60699518576382e-07	41
