ABCF2	0	1.60659965432402e-07	1
ABI1	41.0854252533112	1.60556836799113e-07	11
ACTB	78188.3190853497	1.60660662349286e-07	94
ACTG1	78188.3190853497	1.60660662349286e-07	94
ARF1	3367.95379525647	1.60582877304726e-07	25
ARF6	19718.8256694444	1.60676099317753e-07	29
ARHGEF1	1026.6798237428	1.60665592563625e-07	26
ARHGEF11	0	1.60644350917303e-07	12
ARHGEF12	7306.53923498692	1.60684593496902e-07	31
ARHGEF2	5515.70045078381	1.60663863082256e-07	7
ARHGEF25	0	1.60644350917303e-07	3
ARPC1A	1704.04604510742	1.60608384560716e-07	38
ARPC1B	1704.04604510742	1.60608384560716e-07	38
ARPC2	1704.04604510742	1.60608384560716e-07	38
ARPC3	1704.04604510742	1.60608384560716e-07	38
ARPC4	1704.04604510742	1.60608384560716e-07	38
ARPC5	1704.04604510742	1.60608384560716e-07	38
ARPC5L	1704.04604510742	1.60608384560716e-07	38
BAK1	2863.04673354674	1.60600517454867e-07	35
BAX	44760.3401882632	1.60623089087187e-07	80
BRK1	84.1708505066225	1.60556836799113e-07	23
CASP1	30224.5502451485	1.60612589264462e-07	52
CASP3	183841.675504549	1.60668406277058e-07	108
CASP4	0	1.60698692201903e-07	5
CASP7	9862.84961927339	1.60619038624381e-07	31
CASP8	79615.7164621525	1.60687020570188e-07	96
CASP9	13142.9315521299	1.60616742592878e-07	112
CDC42	73310.5701045771	1.60713723216254e-07	158
CHUK	27743.0444124678	1.60686297604521e-07	209
CYCS	17598.7393834207	1.60619425602447e-07	60
CYFIP1	844.272852363141	1.60557558600298e-07	19
CYFIP2	844.272852363141	1.60557558600298e-07	19
CYTH1	0	1.60720490673229e-07	3
CYTH2	0	1.60720490673229e-07	3
CYTH3	0	1.60720490673229e-07	3
CYTH4	0	1.60720490673229e-07	3
EZR	5941.9408946246	1.60649047857191e-07	14
F2	10606.1528753078	1.61854332719096e-07	63
F2R	33198.1827890324	1.60700370783965e-07	40
FADD	8647.9119671395	1.60642647699268e-07	75
FAS	136714.780894538	1.60647963923608e-07	48
FASLG	139764.780894538	1.60595720188295e-07	31
FCGR2A	3864.74427103302	1.6071436894137e-07	19
FOS	361.991812419754	7.27115564548521e-08	149
GAPDH	2035	1.6075469829719e-07	7
GNA12	5541.44070250871	1.60679455573014e-07	84
GNA13	28877.2441793079	1.6071013307924e-07	94
HCK	2737.76710808869	1.60693166041035e-07	25
IKBKB	21716.4057475083	1.60674395426435e-07	230
IKBKG	23791.1675587458	1.60674163080419e-07	181
IL18	6313.2227762348	1.60604205870823e-07	19
IL1B	50873.5767030936	1.6064804134695e-07	35
IL1R1	40652.2211418188	1.60700293310175e-07	39
IRAK1	3542.03027093091	1.6067359512632e-07	58
IRAK4	16474.5515622869	1.60688105030887e-07	65
JUN	172462.270229684	1.60685213168217e-07	236
LOC102723407	39920.2798610557	1.60692029868149e-07	48
LPAR1	972.579997739677	1.60707317904145e-07	26
LPAR2	617.123315806287	1.6070021583646e-07	23
LPAR4	617.123315806287	1.6070021583646e-07	23
LPAR5	617.123315806287	1.6070021583646e-07	23
LYN	27600.5068314214	1.60713206639898e-07	52
MAP3K7	49963.2906211622	1.60706620582436e-07	167
MAPK1	241842.648840716	1.60735138228201e-07	569
MAPK10	87125.0778580644	1.6070796357779e-07	274
MAPK11	94702.4173586808	1.60727542866438e-07	238
MAPK12	94702.4173586808	1.60727542866438e-07	238
MAPK13	94702.4173586808	1.60727542866438e-07	238
MAPK14	94702.4173586808	1.60727542866438e-07	238
MAPK3	241842.648840716	1.60735138228201e-07	569
MAPK8	89632.7666615069	1.6070796357779e-07	279
MAPK9	87125.0778580644	1.6070796357779e-07	274
MYD88	11857.585709554	1.60667244640301e-07	100
NAIP	0	1.60768499148892e-07	6
NCK1	0	1.60727982034469e-07	17
NCK2	16772.8280155903	1.60689525180129e-07	26
NCKAP1	74.0590518851369	1.60557094584506e-07	16
NCKAP1L	74.0590518851369	1.60557094584506e-07	16
NFKBIA	18227.7866819878	1.6065650674918e-07	123
NFKBIB	0	7.26723588502942e-08	53
NLRP3	15336.798680298	1.60602864609055e-07	21
NLRP4	0.25	1.60655887299252e-07	5
PTPN11	36320.3106144337	1.60707886096679e-07	50
PTPN6	25126.3746122045	1.60711269508138e-07	47
PYCARD	5244.87087032891	1.60602967782242e-07	21
RAC1	221190.815964895	1.6072759453314e-07	325
RELA	203448.401395814	1.60708867529609e-07	140
RHOA	132737.375563727	1.6069675542002e-07	178
RIPK1	69059.4668925498	1.60687433696348e-07	76
ROCK1	26439.5434103238	1.60694173116797e-07	94
ROCK2	53253.7377682942	1.60694637925252e-07	112
RPS3	0	1.60656532559697e-07	6
SLC9A3R1	0	1.60596700251719e-07	7
TAB1	11715.9289732444	1.60700009240251e-07	89
TAB2	12214.8223868217	1.60700009240251e-07	94
TAB3	5060.71804763673	1.6069864055378e-07	45
TIRAP	2774.37141628319	1.60664869790763e-07	28
TLR4	14056.5129978398	1.60727749533448e-07	63
TLR5	0	1.60778166325013e-07	7
TMBIM6	0	1.60666366970337e-07	2
TNF	43602.1127654818	1.60663088699681e-07	45
TNFRSF10A	1017.5	1.6073741180941e-07	14
TNFRSF10B	1017.5	1.6073741180941e-07	14
TNFRSF1A	19815.7878156964	1.60697710893248e-07	81
TNFSF10	0	1.61068826964726e-07	20
TRADD	79306.0583720209	1.60693940713578e-07	66
TRAF2	82742.1372716499	1.60708376811645e-07	112
TRAF6	71603.9055547154	1.60713594071854e-07	154
WASF1	3267.74866032837	1.60609106825453e-07	54
WASF2	7867.04739520918	1.60609622732814e-07	55
WASF3	818.87766364319	1.60609106825453e-07	35
WASL	14708.7262742322	1.60609622732814e-07	50
WIPF1	8.52618494149215	1.60557352370726e-07	4
WIPF2	8.52618494149215	1.60557352370726e-07	4
WIPF3	8.52618494149215	1.60557352370726e-07	4
