ADCY1	178996.375489051	1.6073741180941e-07	284
ADCY2	113376.047647849	1.6073741180941e-07	264
ADCY3	130231.590131059	1.6073741180941e-07	286
ADCY4	113095.084080576	1.6073741180941e-07	263
ADCY5	214927.183790843	1.6073741180941e-07	342
ADCY6	112759.648357778	1.6073741180941e-07	267
ADCY7	113095.084080576	1.6073741180941e-07	263
ADCY8	116709.067963299	1.6073741180941e-07	277
ADCY9	113969.753246919	1.6073741180941e-07	271
AGT	0	1.60979761463409e-07	46
AGTR1	86876.8866241067	1.60702462604537e-07	45
APC	5600.98705557166	1.60678500316858e-07	19
APC2	5600.98705557166	1.60678500316858e-07	19
ATF2	0	7.26723588502942e-08	94
ATF4	20732.7697709667	1.60585559183005e-07	122
ATF6B	1847.35255838461	1.60521089983147e-07	89
AXIN1	6.92188514232456	1.606694130425e-07	14
AXIN2	6.92188514232456	1.606694130425e-07	14
BRAF	2136.84425513945	1.60683534902794e-07	230
CACNA1C	0	7.26723588502942e-08	94
CACNA1D	0	7.26723588502942e-08	94
CACNA1F	0	7.26723588502942e-08	77
CACNA1S	0	7.26723588502942e-08	77
CAMK2A	41689.2161584536	1.6074281182257e-07	234
CAMK2B	41689.2161584536	1.6074281182257e-07	234
CAMK2D	41689.2161584536	1.6074281182257e-07	234
CAMK2G	41689.2161584536	1.6074281182257e-07	234
CCND1	1614.88407378278	7.28490551550395e-08	66
CCNE1	6455.35439130854	1.60399175804875e-07	54
CCNE2	6455.35439130854	1.60399175804875e-07	54
CDK2	118707.249214339	1.60500942702287e-07	81
CDK4	540.26430818387	7.28490551550395e-08	65
CDK6	491.119011712242	7.28293768652969e-08	70
CDKN1A	48752.8590735063	1.6065010599694e-07	113
CDKN1B	20237.5420187893	1.60449051970732e-07	81
CDKN2A	11123.8484538762	1.6050168976179e-07	41
CDKN2B	74.8274213776874	7.29278322216458e-08	26
CDKN2C	106.213297098215	7.29278322216458e-08	10
CREB1	8043.87612205063	1.6062172171066e-07	130
CREB3	1671.39356720392	1.6062172171066e-07	117
CREB3L1	1671.39356720392	1.6062172171066e-07	117
CREB3L2	1671.39356720392	1.6062172171066e-07	117
CREB3L3	1671.39356720392	1.6062172171066e-07	117
CREB3L4	1671.39356720392	1.6062172171066e-07	117
CREB5	1670.4287453769	1.6062172171066e-07	114
CRH	0	1.60932895810434e-07	5
CRHR1	7555.66697145601	1.60793600028814e-07	15
CRHR2	584.33302854401	1.60760254534926e-07	6
CTNNB1	76290.6829469396	1.60690428924534e-07	149
DVL1	20125.8840221924	1.6065635188625e-07	140
DVL2	20125.8840221924	1.6065635188625e-07	140
DVL3	20125.8840221924	1.6065635188625e-07	140
EGFR	232127.853598913	1.60719224960467e-07	654
FZD1	5164.59014238717	1.60698718025977e-07	309
FZD10	5164.59014238717	1.60698718025977e-07	309
FZD2	5164.59014238717	1.60698718025977e-07	309
FZD3	30757.2028285039	1.60707937750745e-07	319
FZD4	5164.59014238717	1.60698718025977e-07	309
FZD5	5164.59014238717	1.60698718025977e-07	309
FZD6	5164.59014238717	1.60698718025977e-07	309
FZD7	5164.59014238717	1.60698718025977e-07	309
FZD8	5164.59014238717	1.60698718025977e-07	309
FZD9	5164.59014238717	1.60698718025977e-07	309
GNA11	11482.2706618014	1.60671762210933e-07	173
GNAI1	83522.7143553749	1.60745266493951e-07	484
GNAI2	83522.7143553749	1.60745266493951e-07	484
GNAI3	83522.7143553749	1.60745266493951e-07	484
GNAQ	118590.871875431	1.6069977682015e-07	386
GNAS	133373.422184395	1.60716977723663e-07	483
GSK3B	107045.60403443	1.60698847146471e-07	211
KCNK2	1070.4029587034	7.27311711180447e-08	11
LEF1	0	7.26723588502942e-08	26
MAP2K1	13767.9332363926	1.60697065301984e-07	333
MAP2K2	9664.17246446593	1.60697039478442e-07	290
MAPK1	241842.648840716	1.60735138228201e-07	569
MAPK3	241842.648840716	1.60735138228201e-07	569
MC2R	1409.84179574251	1.60664560032956e-07	16
MRAP	0	7.26723588502942e-08	1
NR4A1	2388.68288193992	1.6057132562227e-07	13
NR5A1	0	7.26723588502942e-08	7
PBX1	0	7.26723588502942e-08	6
PLCB1	33857.4095102204	1.60711114539615e-07	272
PLCB2	34641.1033142312	1.60711114539615e-07	275
PLCB3	33857.4095102204	1.60711114539615e-07	272
PLCB4	33857.4095102204	1.60711114539615e-07	272
POMC	78495.8006309593	1.60656842286552e-07	32
PRKACA	455256.981103448	1.6078791222202e-07	1027
PRKACB	455256.981103448	1.6078791222202e-07	1027
PRKACG	455256.981103448	1.6078791222202e-07	1027
RAP1A	62638.9292153794	1.60739220385848e-07	105
RAP1B	56249.6641089287	1.60739220385848e-07	103
RB1	1848.08644504591	7.27704322090665e-08	120
SP1	28537.3470818632	7.3006881117566e-08	39
TCF7	0	7.26723588502942e-08	31
TCF7L1	0	7.26723588502942e-08	26
TCF7L2	0	7.26723588502942e-08	26
USP8	0	1.613402339627e-07	2
WNT1	31538.9623807583	1.60657255257549e-07	167
WNT10A	749.144364085626	1.60752915213929e-07	166
WNT10B	749.144364085626	1.60752915213929e-07	166
WNT11	749.144364085626	1.60752915213929e-07	166
WNT16	749.144364085626	1.60752915213929e-07	166
WNT2	749.144364085626	1.60752915213929e-07	166
WNT2B	749.144364085626	1.60752915213929e-07	166
WNT3	1530.63954000583	1.60752915213929e-07	167
WNT3A	1530.63954000583	1.60752915213929e-07	167
WNT4	769.45911535863	1.60752915213929e-07	167
WNT5A	776.959115358629	1.60848818517173e-07	168
WNT5B	776.959115358629	1.60848818517173e-07	168
WNT6	749.144364085626	1.60752915213929e-07	166
WNT7A	749.144364085626	1.60752915213929e-07	166
WNT7B	749.144364085626	1.60752915213929e-07	166
WNT8A	749.144364085626	1.60752915213929e-07	166
WNT8B	749.144364085626	1.60752915213929e-07	166
WNT9A	749.144364085626	1.60752915213929e-07	166
WNT9B	749.144364085626	1.60752915213929e-07	166
