ADCY1	178996.375489051	1.6073741180941e-07	284
ADCY2	113376.047647849	1.6073741180941e-07	264
ADCY3	130231.590131059	1.6073741180941e-07	286
ADCY4	113095.084080576	1.6073741180941e-07	263
ADCY5	214927.183790843	1.6073741180941e-07	342
ADCY6	112759.648357778	1.6073741180941e-07	267
ADCY7	113095.084080576	1.6073741180941e-07	263
ADCY8	116709.067963299	1.6073741180941e-07	277
ADCY9	113969.753246919	1.6073741180941e-07	271
AGT	0	1.60979761463409e-07	46
AGTR1	86876.8866241067	1.60702462604537e-07	45
AKT1	240651.218592494	1.60745499045654e-07	588
AKT2	240651.218592494	1.60745499045654e-07	588
AKT3	240651.218592494	1.60745499045654e-07	588
ARF1	3367.95379525647	1.60582877304726e-07	25
ARF6	19718.8256694444	1.60676099317753e-07	29
AVP	0	1.60785430396068e-07	28
AVPR1A	2230.42777241877	1.60696652126298e-07	21
AVPR1B	2230.42777241877	1.60696652126298e-07	21
AVPR2	154.201929291807	1.60687485337267e-07	14
CXCL8	192236.37160114	1.60693295152606e-07	49
CXCR1	6840.60212512189	1.60703573099315e-07	76
CXCR2	7014.85141204486	1.60703573099315e-07	78
CYTH1	0	1.60720490673229e-07	3
CYTH2	0	1.60720490673229e-07	3
CYTH3	0	1.60720490673229e-07	3
CYTH4	0	1.60720490673229e-07	3
EGF	0	1.60883753765484e-07	153
EGFR	232127.853598913	1.60719224960467e-07	654
F2	10606.1528753078	1.61854332719096e-07	63
F2R	33198.1827890324	1.60700370783965e-07	40
FCER1A	38.297801010491	1.60675195734523e-07	4
FCER1G	282.335888098614	1.60689189506225e-07	17
FYN	54373.9525584192	1.60716022021309e-07	59
GAB1	3732.10981998783	1.6068895711742e-07	75
GAB2	913.822834218254	1.60687769362916e-07	40
GNA12	5541.44070250871	1.60679455573014e-07	84
GNA13	28877.2441793079	1.6071013307924e-07	94
GNAS	133373.422184395	1.60716977723663e-07	483
GRB2	17240.2624605512	1.60700861453038e-07	246
GRM1	17740.1653922419	1.60706233184102e-07	51
GRM2	24320.9258614437	1.60727620366504e-07	37
GRM3	24320.9258614437	1.60727620366504e-07	37
GRM4	970.138614382932	1.60706052398851e-07	32
GRM5	10332.7336399846	1.60697685069498e-07	40
GRM6	306.379322617987	1.60700499907115e-07	15
GRM7	970.138614382932	1.60706052398851e-07	32
GRM8	970.138614382932	1.60706052398851e-07	32
HRAS	113993.82934381	1.60728085368472e-07	527
INS	0	1.60992797504225e-07	146
INSR	11410.0071870572	1.6069758177458e-07	313
KIT	2878.527543165	1.60702204352137e-07	258
KITLG	0	1.60787808811075e-07	94
KRAS	125209.183774663	1.60728085368472e-07	552
LOC102723407	39920.2798610557	1.60692029868149e-07	48
LPAR1	972.579997739677	1.60707317904145e-07	26
LPAR2	617.123315806287	1.6070021583646e-07	23
LPAR3	441.051778233576	1.6070021583646e-07	18
LPAR4	617.123315806287	1.6070021583646e-07	23
LPAR5	617.123315806287	1.6070021583646e-07	23
LPAR6	292.44555284944	1.60695645019463e-07	16
MAP2K1	13767.9332363926	1.60697065301984e-07	333
MAP2K2	9664.17246446593	1.60697039478442e-07	290
MAPK1	241842.648840716	1.60735138228201e-07	569
MAPK3	241842.648840716	1.60735138228201e-07	569
MRAS	10790.5919453868	1.60722531354153e-07	114
MS4A2	38.297801010491	1.60675092468516e-07	5
MTOR	186797.866467536	1.60716280318122e-07	261
NRAS	112875.721894987	1.60728085368472e-07	514
PDGFA	1021.57263885276	1.60883753765484e-07	141
PDGFB	88.6765670365868	1.60883753765484e-07	136
PDGFC	0	1.60883753765484e-07	131
PDGFD	0	1.60883753765484e-07	131
PDGFRA	30872.0844291799	1.60710778775506e-07	445
PDGFRB	24934.6340223889	1.60710778775506e-07	442
PIK3CA	142449.837178725	1.60734776528029e-07	502
PIK3CB	142449.837178725	1.60734776528029e-07	502
PIK3CD	142449.837178725	1.60734776528029e-07	502
PIK3CG	7510.31166567659	1.60717933437382e-07	117
PIK3R1	141170.295711891	1.60734776528029e-07	496
PIK3R2	141170.295711891	1.60734776528029e-07	496
PIK3R3	141170.295711891	1.60734776528029e-07	496
PIK3R5	7510.31166567659	1.60717933437382e-07	117
PIK3R6	7510.31166567659	1.60717933437382e-07	117
PLCB1	33857.4095102204	1.60711114539615e-07	272
PLCB2	34641.1033142312	1.60711114539615e-07	275
PLCB3	33857.4095102204	1.60711114539615e-07	272
PLCB4	33857.4095102204	1.60711114539615e-07	272
PLD1	384.491490788788	7.27115564548521e-08	38
PLD2	384.491490788788	7.27115564548521e-08	38
PRKCA	125955.285611348	1.60750408627539e-07	185
PTGFR	384.732909365387	1.60696729596577e-07	15
PTK2B	2172.96090783039	1.60697710893248e-07	31
PTPN11	36320.3106144337	1.60707886096679e-07	50
RAF1	33120.5200545249	1.6070755034606e-07	434
RALA	11813.3959553969	1.60685187348484e-07	30
RALB	4375.77035940482	1.60684929151604e-07	27
RALGDS	16476.5266038	1.60685006610581e-07	48
RAPGEF3	8499.77508429657	1.60713025838958e-07	32
RAPGEF4	15226.4575428093	1.60713464927661e-07	34
RHEB	33959.6903184052	1.60664250276343e-07	54
RHOA	132737.375563727	1.6069675542002e-07	178
RRAS	47954.0533420759	1.60728214536163e-07	132
RRAS2	11355.8093641229	1.60722583017634e-07	122
SHC1	1641.04592719686	1.60673156255448e-07	107
SHC2	1581.08899277577	1.60673156255448e-07	105
SHC3	1580.87060756176	1.60673156255448e-07	104
SHC4	1776.87794640338	1.60673156255448e-07	106
SOS1	4248.78172433928	1.60682269772034e-07	199
SOS2	4248.78172433928	1.60682269772034e-07	199
SYK	27194.5798052231	1.60706775542293e-07	89
TSC1	4466.36437618856	1.60611866968403e-07	83
TSC2	5009.1140319859	1.60611866968403e-07	90
